5 6
011110
010110
111000
000010
000000

6 6
011110
010110
111000
000010
000000

5 6
011110
010110
11s000
000010
000000

5 6
011110
010110
1110002
000010
000000

5 7
011110
010110
111000
000010
000000

1 1
011110
010110
111000
000010
000000

5 a
011110
010110
111000
000010
000000

5 6
011110
010110
11z000
000010
000000

1 1
1

1 1
0

0 0
0

5 6
011110
011110
111000
100010
111110

5 6
011110
100001
101101
101111
100000

5 6
111111
100001
100001
100001
111111

5 6
000000
011110
011110
011110
000000

3 4
1001
0011
0011


50 50
00101111000000001100001100000000001100110100110011
11001110100110110110111101010110000110001111110100
01101001000010101010001010111110000010110101110101
01100110111001001010001011111110101000111100111000
00111001001111101100100101000101110011010000011100
11100110111110110010100011000101111010010110001100
01110011001100011101000000111101011010111101100110
11100010000001110100111001001101010110011010111100
11100010010110010100100001001110011100101000000100
01011001100110011010000100111010010010010111101011
00110001110010010000000100011011011010011110001010
10001110101000111101101110101101011001011001101100
01100110010010111010110101101010010100101010001110
00110101101000000111000001110111110000001111101110
00110100100011100101000001101101000100011011011000
01010111111010111111000110110000100100001001000100
01110010101100101000011001111101111000101001100110
00111010111000110011101101011011011011010110111001
00001101011101000011101110010110100111101100110000
00011010101001100010010000111001111110010001110001
01100011110101111111001100000010101100001111010100
10111110011101110110100111001111111011110010111111
11100110000100000000011000100010000111001001010101
00111001101110110011001110000101110010110001011011
11111101110001000101101110101111101011011111110110
10010010001111111011101111000110111010101100101010
00110100000011000001100110111011110111001110011001
10010011010111111100000100010111011010010101100110
11101000010100111110001011100011011111111111111111
01100011000000110011001001101010110000111010010111
00000110000011000000100011001110100110010010111111
00010101010001011111001110001100101001111111110010
11111000001000101001001000101100110101000000100001
11110010000001110011101110000110101101001010111010
01000110110011011100011100101011100000111011110010
01110010011010111000101000000001000001000101110101
00001110110000000111000001000011010000110010010110
01000010001111000000110100100010001110111101111100
00100010000111000000011011000100001010111101111101
11101100010111010100010000111011011000110110100111
01100110010100000000110011011010011000001110111111
00011100110000011001001001110001110011000010111010
01011010111011010000111101101010001111011001110110
01111110101010111101100010000100000001001110001010
10010100010001010101101110111101000101000000000110
11001110011011010110101100100110111111110111111100
01110100110110110010100000010011111100101110101110
11001101010101000100111010000011111111111010101100
00001000100000011110000100010011101010111110010101
10110110010111001010001101010100010000010101101100


